-15	23.485
-14	4.43464
-13	0.227476
-12	0.00469857
-11	0.00369442
-10	0.0029124
-9	0.00230016
-8	0.00181915
-7	0.00144025
-6	0.0011412
-5	0.000918739
-4	0.000717568
-3	0.000569339
-2	0.000451852
-1	0.000358683
0	0.000284782
1	0.000229329
2	0.00018208
3	0.000144581
4	0.000111171
5	8.97217e-05
6	7.2421e-05
7	5.75135e-05
8	4.56836e-05
9	3.62853e-05
10	2.88178e-05
11	2.2638e-05
12	1.81821e-05
13	1.44437e-05
14	1.14711e-05
15	9.11225e-06
16	7.23806e-06
17	5.74894e-06
18	4.56708e-06
19	3.58638e-06
20	2.88159e-06
21	2.28889e-06
22	1.81891e-06
23	1.44432e-06
24	1.15208e-06
25	9.04652e-07
