-15	22.3843
-14	4.28714
-13	0.452254
-12	0.00475577
-11	0.00373969
-10	0.00294757
-9	0.00232731
-8	0.00184003
-7	0.0014563
-6	0.00115341
-5	0.00091408
-4	0.00072476
-3	0.000574871
-2	0.000456125
-1	0.000361997
0	0.000287338
1	0.000228114
2	0.000181112
3	0.000143813
4	0.000114199
5	9.06948e-05
6	7.2026e-05
7	5.72133e-05
8	4.54407e-05
9	3.60912e-05
10	2.86635e-05
11	2.27714e-05
12	1.80838e-05
13	1.4367e-05
14	1.14126e-05
15	9.06342e-06
16	7.19942e-06
17	5.71827e-06
18	4.54333e-06
19	3.60814e-06
20	2.83521e-06
21	2.25614e-06
22	1.80834e-06
23	1.42312e-06
24	1.13125e-06
25	9.0694e-07
