-27.0	0.021593249142584106
-26.5	0.01924500355568377
-26.0	0.017152127473390434
-25.5	0.015286849701648805
-25.0	0.013624419137704069
-24.5	0.012142776338006114
-24.0	0.010822260802796189
-23.5	0.00964535009322017
-23.0	0.008596427319210882
-22.5	0.00766157391284526
-22.0	0.006828384937404372
-21.5	0.00608580448139998
-21.0	0.005423978953346288
-20.5	0.004834126330587567
-20.0	0.004308419627193211
-19.5	0.003839883034609792
-19.0	0.0034222993569198302
-18.5	0.0030501275124293144
-18.0	0.002718429006880173
-17.5	0.00242280240263194
-17.0	0.0021593249142584092
-16.5	0.0019245003555683773
-16.0	0.0017152127473390433
-15.5	0.0015286849701648814
-15.0	0.0013624419137704073
-14.5	0.0012142776338006107
-14.0	0.001082226080279619
-13.5	9.645350093220171e-4
-13.0	8.596427319210885e-4
-12.5	7.661573912845261e-4
-12.0	6.82838493740437e-4
-11.5	6.085804481399982e-4
-11.0	5.423978953346287e-4
-10.5	4.834126330587569e-4
-10.0	4.3084196271932115e-4
-9.5	3.839883034609792e-4
-9.0	3.422299356919831e-4
-8.5	3.050127512429313e-4
-8.0	2.7184290068801734e-4
-7.5	2.4228024026319404e-4
-7.0	2.1593249142584094e-4
-6.5	1.9245003555683776e-4
-6.0	1.715212747339043e-4
-5.5	1.5286849701648812e-4
-5.0	1.362441913770407e-4
-4.5	1.2142776338006111e-4
-4.0	1.0822260802796194e-4
-3.5	9.645350093220168e-5
-3.0	8.596427319210886e-5
-2.5	7.661573912845261e-5
-2.0	6.82838493740437e-5
-1.5	6.085804481399983e-5
-1.0	5.423978953346287e-5
-0.5	4.834126330587568e-5
0.0	4.308419627193212e-5
0.5	3.8398830346097924e-5
1.0	3.422299356919831e-5
1.5	3.0501275124293137e-5
2.0	2.7184290068801728e-5
2.5	2.4228024026319402e-5
3.0	2.15932491425841e-5
3.5	1.9245003555683772e-5
4.0	1.7152127473390433e-5
4.5	1.5286849701648813e-5
5.0	1.362441913770407e-5
5.5	1.214277633800611e-5
6.0	1.0822260802796193e-5
6.5	9.645350093220166e-6
7.0	8.596427319210888e-6
7.5	7.66157391284526e-6
8.0	6.828384937404369e-6
8.5	6.085804481399983e-6
9.0	5.423978953346286e-6
9.5	4.834126330587569e-6
10.0	4.308419627193212e-6
10.5	3.839883034609791e-6
11.0	3.422299356919831e-6
11.5	3.050127512429314e-6
12.0	2.718429006880173e-6
12.5	2.4228024026319403e-6
13.0	2.1593249142584096e-6
13.5	1.924500355568377e-6
14.0	1.7152127473390434e-6
14.5	1.5286849701648813e-6
15.0	1.362441913770407e-6
15.5	1.214277633800611e-6
16.0	1.0822260802796189e-6
16.5	9.645350093220172e-7
17.0	8.596427319210886e-7
17.5	7.661573912845261e-7
18.0	6.82838493740437e-7
18.5	6.08580448139998e-7
19.0	5.423978953346287e-7
19.5	4.83412633058757e-7
20.0	4.308419627193212e-7
20.5	3.839883034609794e-7
21.0	3.422299356919831e-7
21.5	3.0501275124293146e-7
22.0	2.718429006880172e-7
22.5	2.4228024026319404e-7
23.0	2.1593249142584104e-7
