-27.0	0.02898990804163636
-26.5	0.02583728273851941
-26.0	0.02302750247953226
-25.5	0.020523283187760262
-25.0	0.018291395394675867
-24.5	0.016302223305280146
-24.0	0.014529371814496733
-23.5	0.012949316260164219
-23.0	0.011541090265061919
-22.5	0.010286007525822677
-22.0	0.00916741385704023
-21.5	0.0081704662003474
-21.0	0.007281935666049681
-20.5	0.006490031993796356
-20.0	0.005784247102989027
-19.5	0.005155215656936371
-19.0	0.004594590790526313
-18.5	0.004094933352397246
-18.0	0.0036496131919192083
-17.5	0.003252721181123287
-17.0	0.0028989908041636343
-16.5	0.002583728273851941
-16.0	0.0023027502479532258
-15.5	0.0020523283187760272
-15.0	0.0018291395394675872
-14.5	0.0016302223305280138
-14.0	0.0014529371814496733
-13.5	0.001294931626016422
-13.0	0.0011541090265061924
-12.5	0.0010286007525822677
-12.0	9.167413857040228e-4
-11.5	8.1704662003474e-4
-11.0	7.281935666049682e-4
-10.5	6.49003199379636e-4
-10.0	5.784247102989027e-4
-9.5	5.15521565693637e-4
-9.0	4.5945907905263136e-4
-8.5	4.094933352397244e-4
-8.0	3.6496131919192085e-4
-7.5	3.2527211811232877e-4
-7.0	2.8989908041636344e-4
-6.5	2.5837282738519414e-4
-6.0	2.3027502479532253e-4
-5.5	2.0523283187760273e-4
-5.0	1.829139539467587e-4
-4.5	1.6302223305280145e-4
-4.0	1.452937181449674e-4
-3.5	1.2949316260164214e-4
-3.0	1.1541090265061924e-4
-2.5	1.0286007525822678e-4
-2.0	9.167413857040228e-5
-1.5	8.170466200347401e-5
-1.0	7.281935666049681e-5
-0.5	6.490031993796358e-5
0.0	5.784247102989028e-5
0.5	5.155215656936371e-5
1.0	4.594590790526314e-5
1.5	4.094933352397245e-5
2.0	3.649613191919207e-5
2.5	3.2527211811232875e-5
3.0	2.8989908041636352e-5
3.5	2.583728273851941e-5
4.0	2.3027502479532255e-5
4.5	2.0523283187760273e-5
5.0	1.829139539467587e-5
5.5	1.630222330528014e-5
6.0	1.4529371814496735e-5
6.5	1.2949316260164213e-5
7.0	1.1541090265061927e-5
7.5	1.0286007525822677e-5
8.0	9.167413857040225e-6
8.5	8.170466200347403e-6
9.0	7.2819356660496794e-6
9.5	6.490031993796359e-6
10.0	5.784247102989028e-6
10.5	5.15521565693637e-6
11.0	4.594590790526313e-6
11.5	4.094933352397245e-6
12.0	3.649613191919208e-6
12.5	3.2527211811232876e-6
13.0	2.8989908041636347e-6
13.5	2.58372827385194e-6
14.0	2.3027502479532257e-6
14.5	2.0523283187760273e-6
15.0	1.829139539467587e-6
15.5	1.630222330528014e-6
16.0	1.452937181449673e-6
16.5	1.294931626016422e-6
17.0	1.1541090265061924e-6
17.5	1.0286007525822678e-6
18.0	9.167413857040227e-7
18.5	8.170466200347399e-7
19.0	7.281935666049682e-7
19.5	6.490031993796359e-7
20.0	5.784247102989028e-7
20.5	5.155215656936373e-7
21.0	4.5945907905263135e-7
21.5	4.094933352397246e-7
22.0	3.6496131919192065e-7
22.5	3.2527211811232875e-7
23.0	2.8989908041636356e-7
