-27.0	0.005390400738573755
-26.5	0.004804199715170692
-26.0	0.0042817475031277545
-25.5	0.0038161114790144306
-25.0	0.0034011129356945674
-24.5	0.003031245094636602
-24.0	0.002701600034308184
-23.5	0.0024078035650393296
-23.0	0.002145957186183078
-22.5	0.0019125863553805216
-22.0	0.0017045943834946918
-21.5	0.0015192213434271568
-21.0	0.0013540074475622632
-20.5	0.0012067604078799447
-20.0	0.0010755263456256625
-19.5	9.585638645264308e-4
-19.0	8.543209435202898e-4
-18.5	7.614143423797654e-4
-18.0	6.786112469544546e-4
-17.5	6.048129104762684e-4
-17.0	5.390400738573753e-4
-16.5	4.804199715170692e-4
-16.0	4.281747503127754e-4
-15.5	3.816111479014432e-4
-15.0	3.401112935694568e-4
-14.5	3.0312450946366005e-4
-14.0	2.7016000343081843e-4
-13.5	2.4078035650393294e-4
-13.0	2.1459571861830791e-4
-12.5	1.912586355380522e-4
-12.0	1.7045943834946908e-4
-11.5	1.519221343427157e-4
-11.0	1.3540074475622632e-4
-10.5	1.2067604078799452e-4
-10.0	1.0755263456256625e-4
-9.5	9.585638645264306e-5
-9.0	8.5432094352029e-5
-8.5	7.614143423797648e-5
-8.0	6.786112469544546e-5
-7.5	6.0481291047626855e-5
-7.0	5.3904007385737534e-5
-6.5	4.804199715170693e-5
-6.0	4.281747503127753e-5
-5.5	3.816111479014432e-5
-5.0	3.401112935694567e-5
-4.5	3.0312450946366017e-5
-4.0	2.701600034308185e-5
-3.5	2.4078035650393284e-5
-3.0	2.145957186183079e-5
-2.5	1.9125863553805216e-5
-2.0	1.7045943834946912e-5
-1.5	1.5192213434271573e-5
-1.0	1.354007447562263e-5
-0.5	1.2067604078799452e-5
0.0	1.0755263456256625e-5
0.5	9.58563864526431e-6
1.0	8.5432094352029e-6
1.5	7.614143423797651e-6
2.0	6.786112469544546e-6
2.5	6.048129104762685e-6
3.0	5.390400738573755e-6
3.5	4.804199715170693e-6
4.0	4.281747503127753e-6
4.5	3.816111479014432e-6
5.0	3.4011129356945682e-6
5.5	3.0312450946366005e-6
6.0	2.701600034308185e-6
6.5	2.4078035650393283e-6
7.0	2.145957186183079e-6
7.5	1.9125863553805214e-6
8.0	1.704594383494691e-6
8.5	1.5192213434271575e-6
9.0	1.354007447562263e-6
9.5	1.2067604078799453e-6
10.0	1.0755263456256627e-6
10.5	9.585638645264306e-7
11.0	8.543209435202899e-7
11.5	7.614143423797653e-7
12.0	6.786112469544546e-7
12.5	6.048129104762685e-7
13.0	5.390400738573753e-7
13.5	4.804199715170692e-7
14.0	4.2817475031277536e-7
14.5	3.8161114790144324e-7
15.0	3.4011129356945673e-7
15.5	3.0312450946366004e-7
16.0	2.701600034308184e-7
16.5	2.4078035650393297e-7
17.0	2.145957186183079e-7
17.5	1.912586355380522e-7
18.0	1.7045943834946912e-7
18.5	1.5192213434271568e-7
19.0	1.354007447562263e-7
19.5	1.2067604078799451e-7
20.0	1.0755263456256626e-7
20.5	9.585638645264312e-8
21.0	8.543209435202899e-8
21.5	7.614143423797653e-8
22.0	6.786112469544542e-8
22.5	6.048129104762684e-8
23.0	5.3904007385737557e-8
