-27.0	0.7356100207906985
-26.5	0.6556131211302937
-26.0	0.5843158092601675
-25.5	0.5207720131695027
-25.0	0.46413854529111864
-24.5	0.4136639139147416
-24.0	0.3686783513485902
-23.5	0.3285849265090338
-23.0	0.2928516240077841
-22.5	0.26100428463092856
-22.0	0.23262031353424228
-21.5	0.20732307266635933
-21.0	0.18477688301066353
-20.5	0.16468257032868314
-20.0	0.1467734952997154
-19.5	0.13081201537904025
-19.0	0.11658633142573553
-18.5	0.10390767725675863
-18.0	0.09260781483438457
-17.5	0.08253680184966143
-17.0	0.0735610020790698
-16.5	0.06556131211302937
-16.0	0.058431580926016746
-15.5	0.05207720131695028
-15.0	0.04641385452911188
-14.5	0.04136639139147414
-14.0	0.03686783513485902
-13.5	0.032858492650903376
-13.0	0.029285162400778417
-12.5	0.026100428463092854
-12.0	0.023262031353424216
-11.5	0.020732307266635934
-11.0	0.01847768830106635
-10.5	0.01646825703286832
-10.0	0.014677349529971542
-9.5	0.013081201537904024
-9.0	0.011658633142573557
-8.5	0.010390767725675858
-8.0	0.009260781483438457
-7.5	0.008253680184966144
-7.0	0.0073561002079069815
-6.5	0.006556131211302939
-6.0	0.005843158092601674
-5.5	0.005207720131695029
-5.0	0.0046413854529111865
-4.5	0.004136639139147415
-4.0	0.003686783513485904
-3.5	0.0032858492650903372
-3.0	0.0029285162400778417
-2.5	0.0026100428463092856
-2.0	0.002326203135342422
-1.5	0.002073230726663594
-1.0	0.0018477688301066352
-0.5	0.0016468257032868317
0.0	0.0014677349529971543
0.5	0.0013081201537904026
1.0	0.0011658633142573559
1.5	0.0010390767725675862
2.0	9.260781483438456e-4
2.5	8.253680184966144e-4
3.0	7.356100207906983e-4
3.5	6.556131211302939e-4
4.0	5.843158092601674e-4
4.5	5.207720131695028e-4
5.0	4.6413854529111874e-4
5.5	4.1366391391474145e-4
6.0	3.6867835134859025e-4
6.5	3.285849265090337e-4
7.0	2.9285162400778425e-4
7.5	2.6100428463092854e-4
8.0	2.3262031353424217e-4
8.5	2.0732307266635943e-4
9.0	1.8477688301066347e-4
9.5	1.646825703286832e-4
10.0	1.4677349529971544e-4
10.5	1.3081201537904023e-4
11.0	1.1658633142573555e-4
11.5	1.0390767725675863e-4
12.0	9.260781483438457e-5
12.5	8.253680184966143e-5
13.0	7.356100207906982e-5
13.5	6.556131211302937e-5
14.0	5.843158092601675e-5
14.5	5.2077201316950296e-5
15.0	4.6413854529111864e-5
15.5	4.1366391391474145e-5
16.0	3.686783513485902e-5
16.5	3.2858492650903385e-5
17.0	2.9285162400778418e-5
17.5	2.6100428463092856e-5
18.0	2.326203135342422e-5
18.5	2.0732307266635937e-5
19.0	1.847768830106635e-5
19.5	1.646825703286832e-5
20.0	1.4677349529971542e-5
20.5	1.308120153790403e-5
21.0	1.1658633142573555e-5
21.5	1.0390767725675864e-5
22.0	9.260781483438452e-6
22.5	8.253680184966145e-6
23.0	7.356100207906985e-6
