-27.0	0.9875895339517453
-26.5	0.8801900986255611
-26.0	0.7844702511360656
-25.5	0.699159847263033
-25.0	0.6231268697786245
-24.5	0.5553624072665436
-24.0	0.49496726648052203
-23.5	0.44114004059626105
-23.0	0.3931664750297761
-22.5	0.3504099897130259
-22.0	0.3123032320631705
-21.5	0.2783405485585014
-21.0	0.24807127502342582
-20.5	0.22109375658866257
-20.0	0.19705001797515953
-19.5	0.17562101337963235
-19.0	0.15652239293059636
-18.5	0.13950072953833284
-18.0	0.12433015607138102
-17.5	0.11080936823693331
-17.0	0.09875895339517447
-16.5	0.0880190098625561
-16.0	0.07844702511360656
-15.5	0.06991598472630332
-15.0	0.06231268697786247
-14.5	0.05553624072665434
-14.0	0.04949672664805221
-13.5	0.0441140040596261
-13.0	0.03931664750297762
-12.5	0.035040998971302584
-12.0	0.031230323206317037
-11.5	0.02783405485585014
-11.0	0.024807127502342582
-10.5	0.022109375658866264
-10.0	0.019705001797515956
-9.5	0.017562101337963234
-9.0	0.01565223929305964
-8.5	0.013950072953833277
-8.0	0.012433015607138102
-7.5	0.011080936823693334
-7.0	0.009875895339517448
-6.5	0.008801900986255613
-6.0	0.007844702511360655
-5.5	0.006991598472630333
-5.0	0.006231268697786245
-4.5	0.005553624072665435
-4.0	0.004949672664805223
-3.5	0.004411400405962609
-3.0	0.003931664750297762
-2.5	0.0035040998971302586
-2.0	0.003123032320631704
-1.5	0.0027834054855850146
-1.0	0.002480712750234258
-0.5	0.0022109375658866262
0.0	0.0019705001797515956
0.5	0.0017562101337963236
1.0	0.0015652239293059643
1.5	0.001395007295383328
2.0	0.00124330156071381
2.5	0.0011080936823693332
3.0	9.87589533951745e-4
3.5	8.801900986255613e-4
4.0	7.844702511360655e-4
4.5	6.991598472630333e-4
5.0	6.231268697786247e-4
5.5	5.553624072665434e-4
6.0	4.949672664805221e-4
6.5	4.411400405962609e-4
7.0	3.931664750297763e-4
7.5	3.504099897130258e-4
8.0	3.123032320631704e-4
8.5	2.7834054855850154e-4
9.0	2.4807127502342574e-4
9.5	2.2109375658866266e-4
10.0	1.9705001797515957e-4
10.5	1.7562101337963233e-4
11.0	1.5652239293059638e-4
11.5	1.3950072953833282e-4
12.0	1.2433015607138102e-4
12.5	1.1080936823693333e-4
13.0	9.875895339517449e-5
13.5	8.80190098625561e-5
14.0	7.844702511360655e-5
14.5	6.991598472630334e-5
15.0	6.231268697786246e-5
15.5	5.553624072665434e-5
16.0	4.9496726648052204e-5
16.5	4.411400405962611e-5
17.0	3.931664750297762e-5
17.5	3.504099897130259e-5
18.0	3.123032320631704e-5
18.5	2.7834054855850143e-5
19.0	2.4807127502342582e-5
19.5	2.2109375658866266e-5
20.0	1.9705001797515955e-5
20.5	1.7562101337963244e-5
21.0	1.565223929305964e-5
21.5	1.3950072953833286e-5
22.0	1.2433015607138094e-5
22.5	1.1080936823693333e-5
23.0	9.875895339517454e-6
