-27.0	0.010786070686080623
-26.5	0.009613095617746243
-26.0	0.00856768048768574
-25.5	0.007635953272280097
-25.0	0.0068055505174650826
-24.5	0.006065453283207355
-24.0	0.005405840928864959
-23.5	0.004817960799252695
-23.0	0.004294012082225573
-22.5	0.003827042296641181
-22.0	0.0034108550371589777
-21.5	0.0030399277517061483
-21.0	0.002709338460566914
-20.5	0.0024147004447020986
-20.0	0.002152104036652719
-19.5	0.0019180647416281562
-19.0	0.001709477000377354
-18.5	0.0015235729803043789
-18.0	0.001357885848011504
-17.5	0.0012102170359187894
-17.0	0.0010786070686080618
-16.5	9.613095617746244e-4
-16.0	8.56768048768574e-4
-15.5	7.6359532722801e-4
-15.0	6.805550517465083e-4
-14.5	6.065453283207352e-4
-14.0	5.405840928864959e-4
-13.5	4.8179607992526947e-4
-13.0	4.294012082225574e-4
-12.5	3.827042296641181e-4
-12.0	3.4108550371589764e-4
-11.5	3.0399277517061487e-4
-11.0	2.709338460566914e-4
-10.5	2.4147004447020996e-4
-10.0	2.1521040366527188e-4
-9.5	1.918064741628156e-4
-9.0	1.7094770003773545e-4
-8.5	1.523572980304378e-4
-8.0	1.357885848011504e-4
-7.5	1.2102170359187894e-4
-7.0	1.0786070686080619e-4
-6.5	9.613095617746246e-5
-6.0	8.567680487685738e-5
-5.5	7.6359532722801e-5
-5.0	6.805550517465083e-5
-4.5	6.065453283207354e-5
-4.0	5.4058409288649606e-5
-3.5	4.817960799252694e-5
-3.0	4.294012082225574e-5
-2.5	3.827042296641181e-5
-2.0	3.4108550371589767e-5
-1.5	3.0399277517061494e-5
-1.0	2.7093384605669137e-5
-0.5	2.4147004447020993e-5
0.0	2.1521040366527188e-5
0.5	1.918064741628156e-5
1.0	1.7094770003773544e-5
1.5	1.5235729803043783e-5
2.0	1.3578858480115039e-5
2.5	1.2102170359187894e-5
3.0	1.078607068608062e-5
3.5	9.613095617746244e-6
4.0	8.56768048768574e-6
4.5	7.6359532722801e-6
5.0	6.8055505174650834e-6
5.5	6.065453283207353e-6
6.0	5.40584092886496e-6
6.5	4.817960799252693e-6
7.0	4.294012082225575e-6
7.5	3.82704229664118e-6
8.0	3.4108550371589763e-6
8.5	3.0399277517061496e-6
9.0	2.709338460566913e-6
9.5	2.4147004447021e-6
10.0	2.152104036652719e-6
10.5	1.918064741628156e-6
11.0	1.7094770003773541e-6
11.5	1.5235729803043787e-6
12.0	1.357885848011504e-6
12.5	1.2102170359187895e-6
13.0	1.0786070686080618e-6
13.5	9.61309561774624e-7
14.0	8.56768048768574e-7
14.5	7.635953272280101e-7
15.0	6.805550517465083e-7
15.5	6.065453283207353e-7
16.0	5.405840928864958e-7
16.5	4.817960799252695e-7
17.0	4.294012082225575e-7
17.5	3.8270422966411813e-7
18.0	3.410855037158977e-7
18.5	3.0399277517061485e-7
19.0	2.7093384605669137e-7
19.5	2.4147004447020996e-7
20.0	2.1521040366527186e-7
20.5	1.918064741628157e-7
21.0	1.7094770003773542e-7
21.5	1.5235729803043788e-7
22.0	1.357885848011503e-7
22.5	1.2102170359187895e-7
23.0	1.0786070686080623e-7
