-27.0	0.007236855402675222
-26.5	0.006449854166772554
-26.0	0.005748438576961889
-25.5	0.005123301274521493
-25.0	0.004566147067259095
-24.5	0.004069582857351321
-24.0	0.0036270195394273717
-23.5	0.0032325845671440727
-23.0	0.002881044028063821
-22.5	0.002567733192816506
-22.0	0.0022884946169748695
-21.5	0.0020396229742928778
-21.0	0.0018178158892776684
-20.5	0.00162013011667315
-20.0	0.0014439424863836802
-19.5	0.001286915095600628
-19.0	0.0011469642862525383
-18.5	0.001022232996128477
-18.0	9.110661167907745e-4
-17.5	8.119885312916461e-4
-17.0	7.236855402675219e-4
-16.5	6.449854166772554e-4
-16.0	5.748438576961888e-4
-15.5	5.123301274521495e-4
-15.0	4.566147067259096e-4
-14.5	4.0695828573513197e-4
-14.0	3.627019539427372e-4
-13.5	3.232584567144073e-4
-13.0	2.881044028063822e-4
-12.5	2.567733192816506e-4
-12.0	2.2884946169748682e-4
-11.5	2.039622974292878e-4
-11.0	1.8178158892776685e-4
-10.5	1.6201301166731509e-4
-10.0	1.44394248638368e-4
-9.5	1.286915095600628e-4
-9.0	1.1469642862525385e-4
-8.5	1.0222329961284766e-4
-8.0	9.110661167907746e-5
-7.5	8.119885312916463e-5
-7.0	7.236855402675219e-5
-6.5	6.449854166772554e-5
-6.0	5.7484385769618866e-5
-5.5	5.123301274521494e-5
-5.0	4.566147067259095e-5
-4.5	4.069582857351321e-5
-4.0	3.627019539427373e-5
-3.5	3.232584567144071e-5
-3.0	2.8810440280638218e-5
-2.5	2.567733192816506e-5
-2.0	2.2884946169748683e-5
-1.5	2.0396229742928785e-5
-1.0	1.817815889277668e-5
-0.5	1.6201301166731507e-5
0.0	1.4439424863836802e-5
0.5	1.286915095600628e-5
1.0	1.1469642862525386e-5
1.5	1.0222329961284767e-5
2.0	9.110661167907745e-6
2.5	8.119885312916463e-6
3.0	7.236855402675221e-6
3.5	6.449854166772554e-6
4.0	5.7484385769618864e-6
4.5	5.123301274521494e-6
5.0	4.566147067259096e-6
5.5	4.0695828573513196e-6
6.0	3.627019539427373e-6
6.5	3.232584567144071e-6
7.0	2.881044028063822e-6
7.5	2.5677331928165056e-6
8.0	2.288494616974868e-6
8.5	2.0396229742928786e-6
9.0	1.8178158892776681e-6
9.5	1.620130116673151e-6
10.0	1.4439424863836803e-6
10.5	1.2869150956006278e-6
11.0	1.1469642862525382e-6
11.5	1.022232996128477e-6
12.0	9.110661167907745e-7
12.5	8.119885312916462e-7
13.0	7.236855402675218e-7
13.5	6.449854166772553e-7
14.0	5.748438576961887e-7
14.5	5.123301274521495e-7
15.0	4.5661470672590955e-7
15.5	4.0695828573513197e-7
16.0	3.6270195394273716e-7
16.5	3.232584567144073e-7
17.0	2.881044028063822e-7
17.5	2.567733192816506e-7
18.0	2.288494616974869e-7
18.5	2.039622974292878e-7
19.0	1.8178158892776683e-7
19.5	1.6201301166731508e-7
20.0	1.44394248638368e-7
20.5	1.2869150956006286e-7
21.0	1.1469642862525385e-7
21.5	1.0222329961284771e-7
22.0	9.110661167907739e-8
22.5	8.119885312916463e-8
23.0	7.236855402675223e-8
