-27.0	0.014480784955304183
-26.5	0.012906013176327877
-26.0	0.011502496350968705
-25.5	0.010251610663680836
-25.0	0.009136757621387456
-24.5	0.008143143801562225
-24.0	0.007257584552500323
-23.5	0.0064683290410008955
-23.0	0.005764904325949796
-22.5	0.005137976388754045
-22.0	0.004579226276586078
-21.5	0.004081239714934038
-21.0	0.0036374087246836633
-20.5	0.003241843938250184
-20.0	0.002889296451248674
-19.5	0.002575088172721882
-19.0	0.0022950497497154893
-18.5	0.0020454652424975487
-18.0	0.0018230228162959094
-17.5	0.0016247707952629518
-17.0	0.0014480784955304175
-16.5	0.0012906013176327876
-16.0	0.0011502496350968704
-15.5	0.001025161066368084
-15.0	9.136757621387459e-4
-14.5	8.143143801562219e-4
-14.0	7.257584552500323e-4
-13.5	6.468329041000895e-4
-13.0	5.764904325949797e-4
-12.5	5.137976388754045e-4
-12.0	4.579226276586076e-4
-11.5	4.081239714934039e-4
-11.0	3.6374087246836636e-4
-10.5	3.2418439382501853e-4
-10.0	2.8892964512486737e-4
-9.5	2.5750881727218817e-4
-9.0	2.2950497497154903e-4
-8.5	2.045465242497548e-4
-8.0	1.8230228162959095e-4
-7.5	1.624770795262952e-4
-7.0	1.4480784955304176e-4
-6.5	1.290601317632788e-4
-6.0	1.1502496350968702e-4
-5.5	1.025161066368084e-4
-5.0	9.136757621387457e-5
-4.5	8.143143801562223e-5
-4.0	7.257584552500326e-5
-3.5	6.468329041000894e-5
-3.0	5.7649043259497984e-5
-2.5	5.1379763887540446e-5
-2.0	4.5792262765860765e-5
-1.5	4.0812397149340393e-5
-1.0	3.637408724683663e-5
-0.5	3.241843938250185e-5
0.0	2.889296451248674e-5
0.5	2.575088172721882e-5
1.0	2.29504974971549e-5
1.5	2.0454652424975482e-5
2.0	1.8230228162959094e-5
2.5	1.624770795262952e-5
3.0	1.448078495530418e-5
3.5	1.2906013176327877e-5
4.0	1.1502496350968703e-5
4.5	1.025161066368084e-5
5.0	9.136757621387457e-6
5.5	8.14314380156222e-6
6.0	7.257584552500324e-6
6.5	6.468329041000892e-6
7.0	5.764904325949798e-6
7.5	5.137976388754044e-6
8.0	4.579226276586076e-6
8.5	4.08123971493404e-6
9.0	3.6374087246836623e-6
9.5	3.2418439382501855e-6
10.0	2.8892964512486736e-6
10.5	2.5750881727218817e-6
11.0	2.2950497497154896e-6
11.5	2.0454652424975485e-6
12.0	1.8230228162959096e-6
12.5	1.624770795262952e-6
13.0	1.4480784955304177e-6
13.5	1.2906013176327872e-6
14.0	1.1502496350968705e-6
14.5	1.025161066368084e-6
15.0	9.136757621387458e-7
15.5	8.143143801562221e-7
16.0	7.257584552500322e-7
16.5	6.468329041000896e-7
17.0	5.764904325949799e-7
17.5	5.137976388754046e-7
18.0	4.579226276586076e-7
18.5	4.081239714934038e-7
19.0	3.637408724683663e-7
19.5	3.2418439382501854e-7
20.0	2.889296451248674e-7
20.5	2.5750881727218835e-7
21.0	2.2950497497154896e-7
21.5	2.045465242497549e-7
22.0	1.8230228162959083e-7
22.5	1.624770795262952e-7
23.0	1.4480784955304183e-7
