-15	1244.98
-14	1073.23
-13	856.348
-12	615.421
-11	379.89
-10	201.478
-9	90.0626
-8	23.5918
-7	4.36708
-6	0.801498
-5	0.0146007
-4	0.00907566
-3	0.00548191
-2	0.00334263
-1	0.00216094
0	0.0014479
1	0.000998374
2	0.000702988
3	0.000503592
4	0.000366207
5	0.000269867
6	0.000201226
7	0.000151602
8	0.000115243
9	8.8279e-05
10	6.80655e-05
11	5.27676e-05
12	4.10941e-05
13	3.21231e-05
14	2.51877e-05
15	1.97992e-05
16	1.55951e-05
17	1.2304e-05
18	9.7203e-06
19	7.68737e-06
20	6.08484e-06
21	4.81971e-06
22	3.81974e-06
23	3.04221e-06
24	2.40215e-06
25	1.91469e-06
