-15	1792.57
-14	1731.53
-13	1660.04
-12	1573.58
-11	1466.81
-10	1336.2
-9	1182.29
-8	989.492
-7	769.189
-6	556.576
-5	350.27
-4	187.449
-3	77.8761
-2	25.8519
-1	6.75359
0	1.52184
1	0.142002
2	0.000696143
3	0.000505899
4	0.000362797
5	0.000272279
6	0.000199689
7	0.000150596
8	0.000114597
9	8.7874e-05
10	6.78195e-05
11	5.26253e-05
12	4.10181e-05
13	3.20887e-05
14	2.51785e-05
15	1.98046e-05
16	1.56083e-05
17	1.23207e-05
18	9.73789e-06
19	7.70439e-06
20	6.10051e-06
21	4.83366e-06
22	3.84457e-06
23	3.03897e-06
24	2.37652e-06
25	1.91317e-06
