-15	1634.76
-14	1624.66
-13	1612.42
-12	1597.16
-11	1575.77
-10	1536.69
-9	1491.85
-8	1425.43
-7	1326
-6	1222.16
-5	1079.08
-4	884.632
-3	683.436
-2	490.064
-1	317.712
0	200.121
1	112.481
2	58.4335
3	31.1174
4	13.8636
5	5.25462
6	2.54928
7	0.608511
8	0.0016217
9	0.00134054
10	0.0011186
11	0.000943168
12	0.000804453
13	0.000694633
14	0.000607679
15	0.000538783
16	0.000484184
17	0.000440901
18	0.000398229
19	0.000379354
20	0.000357761
21	0.00034064
22	0.000327066
23	0.000316278
24	0.000307732
25	0.000306825
