-15	1029.62
-14	841.698
-13	623.349
-12	395.586
-11	204.787
-10	84.0474
-9	23.2567
-8	4.13241
-7	0.903782
-6	0.00463562
-5	0.00365043
-4	0.00288122
-3	0.00227813
-2	0.00180351
-1	0.00142907
0	0.00113338
1	0.000899526
2	0.000714375
3	0.000567702
4	0.00045143
5	0.000359205
6	0.000286028
7	0.000227945
8	0.000181837
9	0.00014522
10	0.000116143
11	9.30504e-05
12	7.4698e-05
13	6.01219e-05
14	4.85403e-05
15	3.93363e-05
16	3.20233e-05
17	2.62119e-05
18	2.15924e-05
19	1.79201e-05
20	1.49984e-05
21	1.26761e-05
22	1.05035e-05
23	9.36272e-06
24	8.05429e-06
25	6.93987e-06
