-15	1723.02
-14	1664.05
-13	1595.11
-12	1509.83
-11	1399.62
-10	1244.37
-9	1090.99
-8	916.816
-7	718.757
-6	501.314
-5	315.759
-4	161.864
-3	71.1145
-2	25.0439
-1	7.48263
0	1.75653
1	0.224274
2	0.0117867
3	0.000346219
4	0.000242032
5	0.000173222
6	0.000126834
7	9.46505e-05
8	7.17823e-05
9	5.50376e-05
10	4.20891e-05
11	3.28175e-05
12	2.57007e-05
13	2.01875e-05
14	1.58997e-05
15	1.25427e-05
16	9.91011e-06
17	7.83719e-06
18	6.20238e-06
19	4.91214e-06
20	3.88225e-06
21	3.07879e-06
22	2.4421e-06
23	1.93773e-06
24	1.47642e-06
25	1.17201e-06
