-15	1179.31
-14	1001.23
-13	776.738
-12	524.387
-11	299.956
-10	132.738
-9	45.8698
-8	8.89014
-7	0.12192
-6	0.00542825
-5	0.00382542
-4	0.00270162
-3	0.00194989
-2	0.001389
-1	0.00098556
0	0.000703445
1	0.000502232
2	0.000361951
3	0.000262634
4	0.000194385
5	0.000144213
6	0.000108337
7	8.24143e-05
8	6.33122e-05
9	4.91158e-05
10	3.83244e-05
11	3.00274e-05
12	2.36e-05
13	1.85913e-05
14	1.46711e-05
15	1.15918e-05
16	9.1687e-06
17	7.26061e-06
18	5.67212e-06
19	4.49854e-06
20	3.56817e-06
21	2.83234e-06
22	2.24782e-06
23	1.7664e-06
24	1.40178e-06
25	1.13716e-06
