-15	1762.46
-14	1697.15
-13	1621.46
-12	1525
-11	1406.44
-10	1269.36
-9	1110.19
-8	915.895
-7	707.82
-6	512.369
-5	324.223
-4	178.322
-3	79.6792
-2	27.6333
-1	5.92497
0	1.17276
1	0.0637766
2	0.00613798
3	0.000754031
4	0.000472421
5	0.000310592
6	0.000212642
7	0.000151119
8	0.000110853
9	8.32528e-05
10	6.36545e-05
11	4.83637e-05
12	3.82372e-05
13	2.98922e-05
14	2.29855e-05
15	1.80665e-05
16	1.42353e-05
17	1.12365e-05
18	8.88038e-06
19	7.02823e-06
20	5.56559e-06
21	4.41099e-06
22	3.49851e-06
23	2.77548e-06
24	2.2035e-06
25	1.7506e-06
